(kicad_pcb (version 20171130) (host pcbnew 5.1.5)

  (general
    (thickness 1.6)
    (drawings 14)
    (tracks 269)
    (zones 0)
    (modules 19)
    (nets 46)
  )

  (page A4)
  (layers
    (0 F.Cu signal)
    (31 B.Cu signal)
    (32 B.Adhes user hide)
    (33 F.Adhes user hide)
    (34 B.Paste user hide)
    (35 F.Paste user hide)
    (36 B.SilkS user)
    (37 F.SilkS user)
    (38 B.Mask user)
    (39 F.Mask user)
    (40 Dwgs.User user)
    (41 Cmts.User user hide)
    (42 Eco1.User user hide)
    (43 Eco2.User user hide)
    (44 Edge.Cuts user)
    (45 Margin user hide)
    (46 B.CrtYd user)
    (47 F.CrtYd user)
    (48 B.Fab user hide)
    (49 F.Fab user hide)
  )

  (setup
    (last_trace_width 0.25)
    (user_trace_width 0.1524)
    (user_trace_width 0.25)
    (user_trace_width 1)
    (user_trace_width 2)
    (trace_clearance 0.1524)
    (zone_clearance 0.508)
    (zone_45_only no)
    (trace_min 0.1524)
    (via_size 0.508)
    (via_drill 0.254)
    (via_min_size 0.508)
    (via_min_drill 0.254)
    (user_via 0.508 0.254)
    (user_via 0.8 0.4)
    (uvia_size 0.3)
    (uvia_drill 0.1)
    (uvias_allowed no)
    (uvia_min_size 0.2)
    (uvia_min_drill 0.1)
    (edge_width 0.05)
    (segment_width 0.2)
    (pcb_text_width 0.3)
    (pcb_text_size 1.5 1.5)
    (mod_edge_width 0.12)
    (mod_text_size 1 1)
    (mod_text_width 0.15)
    (pad_size 1.524 1.524)
    (pad_drill 0.762)
    (pad_to_mask_clearance 0.051)
    (solder_mask_min_width 0.25)
    (aux_axis_origin 0 0)
    (visible_elements FFFFFF7F)
    (pcbplotparams
      (layerselection 0x010fc_ffffffff)
      (usegerberextensions false)
      (usegerberattributes false)
      (usegerberadvancedattributes false)
      (creategerberjobfile false)
      (excludeedgelayer true)
      (linewidth 0.100000)
      (plotframeref false)
      (viasonmask false)
      (mode 1)
      (useauxorigin false)
      (hpglpennumber 1)
      (hpglpenspeed 20)
      (hpglpendiameter 15.000000)
      (psnegative false)
      (psa4output false)
      (plotreference true)
      (plotvalue true)
      (plotinvisibletext false)
      (padsonsilk false)
      (subtractmaskfromsilk false)
      (outputformat 1)
      (mirror false)
      (drillshape 1)
      (scaleselection 1)
      (outputdirectory ""))
  )

  (net 0 "")
  (net 1 GND)
  (net 2 +5V)
  (net 3 "Net-(J1-PadB8)")
  (net 4 "Net-(J1-PadA11)")
  (net 5 "Net-(J1-PadA8)")
  (net 6 "Net-(J1-PadA10)")
  (net 7 "Net-(J1-PadA3)")
  (net 8 "Net-(J1-PadA2)")
  (net 9 SCL)
  (net 10 SDA)
  (net 11 D-)
  (net 12 D+)
  (net 13 "Net-(U1-Pad42)")
  (net 14 "Net-(U1-Pad39)")
  (net 15 "Net-(U1-Pad38)")
  (net 16 "Net-(U1-Pad37)")
  (net 17 "Net-(U1-Pad36)")
  (net 18 "Net-(U1-Pad32)")
  (net 19 "Net-(U1-Pad31)")
  (net 20 "Net-(U1-Pad30)")
  (net 21 "Net-(U1-Pad29)")
  (net 22 "Net-(U1-Pad28)")
  (net 23 "Net-(U1-Pad27)")
  (net 24 "Net-(U1-Pad26)")
  (net 25 "Net-(U1-Pad25)")
  (net 26 "Net-(U1-Pad22)")
  (net 27 "Net-(U1-Pad21)")
  (net 28 "Net-(U1-Pad20)")
  (net 29 "Net-(U1-Pad19)")
  (net 30 "Net-(U1-Pad18)")
  (net 31 "Net-(U1-Pad12)")
  (net 32 "Net-(U1-Pad11)")
  (net 33 "Net-(U1-Pad10)")
  (net 34 "Net-(U1-Pad9)")
  (net 35 "Net-(U1-Pad8)")
  (net 36 /Cry1)
  (net 37 /Cry2)
  (net 38 /Ucap)
  (net 39 /RES)
  (net 40 /VCC)
  (net 41 /CC2)
  (net 42 /UDN)
  (net 43 /UDP)
  (net 44 /CC1)
  (net 45 /HWB)

  (net_class Default "This is the default net class."
    (clearance 0.1524)
    (trace_width 0.1524)
    (via_dia 0.508)
    (via_drill 0.254)
    (uvia_dia 0.3)
    (uvia_drill 0.1)
    (add_net +5V)
    (add_net /CC1)
    (add_net /CC2)
    (add_net /Cry1)
    (add_net /Cry2)
    (add_net /HWB)
    (add_net /RES)
    (add_net /UDN)
    (add_net /UDP)
    (add_net /Ucap)
    (add_net /VCC)
    (add_net D+)
    (add_net D-)
    (add_net GND)
    (add_net "Net-(J1-PadA10)")
    (add_net "Net-(J1-PadA11)")
    (add_net "Net-(J1-PadA2)")
    (add_net "Net-(J1-PadA3)")
    (add_net "Net-(J1-PadA8)")
    (add_net "Net-(J1-PadB8)")
    (add_net "Net-(U1-Pad10)")
    (add_net "Net-(U1-Pad11)")
    (add_net "Net-(U1-Pad12)")
    (add_net "Net-(U1-Pad18)")
    (add_net "Net-(U1-Pad19)")
    (add_net "Net-(U1-Pad20)")
    (add_net "Net-(U1-Pad21)")
    (add_net "Net-(U1-Pad22)")
    (add_net "Net-(U1-Pad25)")
    (add_net "Net-(U1-Pad26)")
    (add_net "Net-(U1-Pad27)")
    (add_net "Net-(U1-Pad28)")
    (add_net "Net-(U1-Pad29)")
    (add_net "Net-(U1-Pad30)")
    (add_net "Net-(U1-Pad31)")
    (add_net "Net-(U1-Pad32)")
    (add_net "Net-(U1-Pad36)")
    (add_net "Net-(U1-Pad37)")
    (add_net "Net-(U1-Pad38)")
    (add_net "Net-(U1-Pad39)")
    (add_net "Net-(U1-Pad42)")
    (add_net "Net-(U1-Pad8)")
    (add_net "Net-(U1-Pad9)")
    (add_net SCL)
    (add_net SDA)
  )

  (module modkey:TQFP-44_10x10mm_P0.8mm (layer B.Cu) (tedit 5E39440D) (tstamp 5E3A22DD)
    (at 132.02 59.2)
    (descr "44-Lead Plastic Thin Quad Flatpack (PT) - 10x10x1.0 mm Body [TQFP] (see Microchip Packaging Specification 00000049BS.pdf)")
    (tags "QFP 0.8")
    (path /5E31F479)
    (attr smd)
    (fp_text reference U1 (at 0 7.45) (layer B.SilkS) hide
      (effects (font (size 1 1) (thickness 0.15)) (justify mirror))
    )
    (fp_text value ATmega32U4-AU (at 0 -7.45) (layer B.Fab)
      (effects (font (size 1 1) (thickness 0.15)) (justify mirror))
    )
    (fp_line (start -5.175 4.6) (end -6.45 4.6) (layer B.SilkS) (width 0.15))
    (fp_line (start 5.175 5.175) (end 4.5 5.175) (layer B.SilkS) (width 0.15))
    (fp_line (start 5.175 -5.175) (end 4.5 -5.175) (layer B.SilkS) (width 0.15))
    (fp_line (start -5.175 -5.175) (end -4.5 -5.175) (layer B.SilkS) (width 0.15))
    (fp_line (start -5.175 5.175) (end -4.5 5.175) (layer B.SilkS) (width 0.15))
    (fp_line (start -5.175 -5.175) (end -5.175 -4.5) (layer B.SilkS) (width 0.15))
    (fp_line (start 5.175 -5.175) (end 5.175 -4.5) (layer B.SilkS) (width 0.15))
    (fp_line (start 5.175 5.175) (end 5.175 4.5) (layer B.SilkS) (width 0.15))
    (fp_line (start -5.175 5.175) (end -5.175 4.6) (layer B.SilkS) (width 0.15))
    (fp_line (start -6.7 -6.7) (end 6.7 -6.7) (layer B.CrtYd) (width 0.05))
    (fp_line (start -6.7 6.7) (end 6.7 6.7) (layer B.CrtYd) (width 0.05))
    (fp_line (start 6.7 6.7) (end 6.7 -6.7) (layer B.CrtYd) (width 0.05))
    (fp_line (start -6.7 6.7) (end -6.7 -6.7) (layer B.CrtYd) (width 0.05))
    (fp_line (start -5 4) (end -4 5) (layer B.Fab) (width 0.15))
    (fp_line (start -5 -5) (end -5 4) (layer B.Fab) (width 0.15))
    (fp_line (start 5 -5) (end -5 -5) (layer B.Fab) (width 0.15))
    (fp_line (start 5 5) (end 5 -5) (layer B.Fab) (width 0.15))
    (fp_line (start -4 5) (end 5 5) (layer B.Fab) (width 0.15))
    (fp_text user %R (at 0 0) (layer B.Fab)
      (effects (font (size 1 1) (thickness 0.15)) (justify mirror))
    )
    (pad 44 smd rect (at -4 5.7 270) (size 1.5 0.55) (layers B.Cu B.Paste B.Mask)
      (net 2 +5V))
    (pad 43 smd rect (at -3.2 5.7 270) (size 1.5 0.55) (layers B.Cu B.Paste B.Mask)
      (net 1 GND))
    (pad 42 smd rect (at -2.4 5.7 270) (size 1.5 0.55) (layers B.Cu B.Paste B.Mask)
      (net 13 "Net-(U1-Pad42)"))
    (pad 41 smd rect (at -1.6 5.7 270) (size 1.5 0.55) (layers B.Cu B.Paste B.Mask)
      (net 9 SCL))
    (pad 40 smd rect (at -0.8 5.7 270) (size 1.5 0.55) (layers B.Cu B.Paste B.Mask)
      (net 10 SDA))
    (pad 39 smd rect (at 0 5.7 270) (size 1.5 0.55) (layers B.Cu B.Paste B.Mask)
      (net 14 "Net-(U1-Pad39)"))
    (pad 38 smd rect (at 0.8 5.7 270) (size 1.5 0.55) (layers B.Cu B.Paste B.Mask)
      (net 15 "Net-(U1-Pad38)"))
    (pad 37 smd rect (at 1.6 5.7 270) (size 1.5 0.55) (layers B.Cu B.Paste B.Mask)
      (net 16 "Net-(U1-Pad37)"))
    (pad 36 smd rect (at 2.4 5.7 270) (size 1.5 0.55) (layers B.Cu B.Paste B.Mask)
      (net 17 "Net-(U1-Pad36)"))
    (pad 35 smd rect (at 3.2 5.7 270) (size 1.5 0.55) (layers B.Cu B.Paste B.Mask)
      (net 1 GND))
    (pad 34 smd rect (at 4 5.7 270) (size 1.5 0.55) (layers B.Cu B.Paste B.Mask)
      (net 2 +5V))
    (pad 33 smd rect (at 5.7 4) (size 1.5 0.55) (layers B.Cu B.Paste B.Mask)
      (net 45 /HWB))
    (pad 32 smd rect (at 5.7 3.2) (size 1.5 0.55) (layers B.Cu B.Paste B.Mask)
      (net 18 "Net-(U1-Pad32)"))
    (pad 31 smd rect (at 5.7 2.4) (size 1.5 0.55) (layers B.Cu B.Paste B.Mask)
      (net 19 "Net-(U1-Pad31)"))
    (pad 30 smd rect (at 5.7 1.6) (size 1.5 0.55) (layers B.Cu B.Paste B.Mask)
      (net 20 "Net-(U1-Pad30)"))
    (pad 29 smd rect (at 5.7 0.8) (size 1.5 0.55) (layers B.Cu B.Paste B.Mask)
      (net 21 "Net-(U1-Pad29)"))
    (pad 28 smd rect (at 5.7 0) (size 1.5 0.55) (layers B.Cu B.Paste B.Mask)
      (net 22 "Net-(U1-Pad28)"))
    (pad 27 smd rect (at 5.7 -0.8) (size 1.5 0.55) (layers B.Cu B.Paste B.Mask)
      (net 23 "Net-(U1-Pad27)"))
    (pad 26 smd rect (at 5.7 -1.6) (size 1.5 0.55) (layers B.Cu B.Paste B.Mask)
      (net 24 "Net-(U1-Pad26)"))
    (pad 25 smd rect (at 5.7 -2.4) (size 1.5 0.55) (layers B.Cu B.Paste B.Mask)
      (net 25 "Net-(U1-Pad25)"))
    (pad 24 smd rect (at 5.7 -3.2) (size 1.5 0.55) (layers B.Cu B.Paste B.Mask)
      (net 2 +5V))
    (pad 23 smd rect (at 5.7 -4) (size 1.5 0.55) (layers B.Cu B.Paste B.Mask)
      (net 1 GND))
    (pad 22 smd rect (at 4 -5.7 270) (size 1.5 0.55) (layers B.Cu B.Paste B.Mask)
      (net 26 "Net-(U1-Pad22)"))
    (pad 21 smd rect (at 3.2 -5.7 270) (size 1.5 0.55) (layers B.Cu B.Paste B.Mask)
      (net 27 "Net-(U1-Pad21)"))
    (pad 20 smd rect (at 2.4 -5.7 270) (size 1.5 0.55) (layers B.Cu B.Paste B.Mask)
      (net 28 "Net-(U1-Pad20)"))
    (pad 19 smd rect (at 1.6 -5.7 270) (size 1.5 0.55) (layers B.Cu B.Paste B.Mask)
      (net 29 "Net-(U1-Pad19)"))
    (pad 18 smd rect (at 0.8 -5.7 270) (size 1.5 0.55) (layers B.Cu B.Paste B.Mask)
      (net 30 "Net-(U1-Pad18)"))
    (pad 17 smd rect (at 0 -5.7 270) (size 1.5 0.55) (layers B.Cu B.Paste B.Mask)
      (net 36 /Cry1))
    (pad 16 smd rect (at -0.8 -5.7 270) (size 1.5 0.55) (layers B.Cu B.Paste B.Mask)
      (net 37 /Cry2))
    (pad 15 smd rect (at -1.6 -5.7 270) (size 1.5 0.55) (layers B.Cu B.Paste B.Mask)
      (net 1 GND))
    (pad 14 smd rect (at -2.4 -5.7 270) (size 1.5 0.55) (layers B.Cu B.Paste B.Mask)
      (net 2 +5V))
    (pad 13 smd rect (at -3.2 -5.7 270) (size 1.5 0.55) (layers B.Cu B.Paste B.Mask)
      (net 39 /RES))
    (pad 12 smd rect (at -4 -5.7 270) (size 1.5 0.55) (layers B.Cu B.Paste B.Mask)
      (net 31 "Net-(U1-Pad12)"))
    (pad 11 smd rect (at -5.7 -4) (size 1.5 0.55) (layers B.Cu B.Paste B.Mask)
      (net 32 "Net-(U1-Pad11)"))
    (pad 10 smd rect (at -5.7 -3.2) (size 1.5 0.55) (layers B.Cu B.Paste B.Mask)
      (net 33 "Net-(U1-Pad10)"))
    (pad 9 smd rect (at -5.7 -2.4) (size 1.5 0.55) (layers B.Cu B.Paste B.Mask)
      (net 34 "Net-(U1-Pad9)"))
    (pad 8 smd rect (at -5.7 -1.6) (size 1.5 0.55) (layers B.Cu B.Paste B.Mask)
      (net 35 "Net-(U1-Pad8)"))
    (pad 7 smd rect (at -5.7 -0.8) (size 1.5 0.55) (layers B.Cu B.Paste B.Mask)
      (net 2 +5V))
    (pad 6 smd rect (at -5.7 0) (size 1.5 0.55) (layers B.Cu B.Paste B.Mask)
      (net 38 /Ucap))
    (pad 5 smd rect (at -5.7 0.8) (size 1.5 0.55) (layers B.Cu B.Paste B.Mask)
      (net 1 GND))
    (pad 4 smd rect (at -5.7 1.6) (size 1.5 0.55) (layers B.Cu B.Paste B.Mask)
      (net 12 D+))
    (pad 3 smd rect (at -5.7 2.4) (size 1.5 0.55) (layers B.Cu B.Paste B.Mask)
      (net 11 D-))
    (pad 2 smd rect (at -5.7 3.2) (size 1.5 0.55) (layers B.Cu B.Paste B.Mask)
      (net 2 +5V))
    (model ${KISYS3DMOD}/Package_QFP.3dshapes/TQFP-44_10x10mm_P0.8mm.wrl
      (at (xyz 0 0 0))
      (scale (xyz 1 1 1))
      (rotate (xyz 0 0 0))
    )
  )

  (module modkey:USB_C_Receptacle_Amphenol_12401548E4-2A (layer F.Cu) (tedit 5E393C94) (tstamp 5E39FCAC)
    (at 132.025 53.515 180)
    (descr "USB TYPE C, RA RCPT PCB, Hybrid, https://www.amphenolcanada.com/StockAvailabilityPrice.aspx?From=&PartNum=12401548E4%7e2A")
    (tags "USB C Type-C Receptacle Hybrid")
    (path /5E31F494)
    (attr smd)
    (fp_text reference J1 (at 0 -6.36) (layer F.SilkS) hide
      (effects (font (size 1 1) (thickness 0.15)))
    )
    (fp_text value USB_C_Receptacle (at 0 6.14) (layer F.Fab)
      (effects (font (size 1 1) (thickness 0.15)))
    )
    (fp_line (start -4.6 5.23) (end -4.6 -5.22) (layer F.Fab) (width 0.1))
    (fp_line (start -4.6 -5.22) (end 4.6 -5.22) (layer F.Fab) (width 0.1))
    (fp_line (start -4.75 -5.37) (end -3.25 -5.37) (layer F.SilkS) (width 0.12))
    (fp_line (start -4.75 -5.37) (end -4.75 1.89) (layer F.SilkS) (width 0.12))
    (fp_line (start 4.75 -5.37) (end 4.75 1.89) (layer F.SilkS) (width 0.12))
    (fp_line (start 3.25 -5.37) (end 4.75 -5.37) (layer F.SilkS) (width 0.12))
    (fp_line (start -4.6 5.23) (end 4.6 5.23) (layer F.Fab) (width 0.1))
    (fp_line (start 4.6 5.23) (end 4.6 -5.22) (layer F.Fab) (width 0.1))
    (fp_line (start -5.39 -5.87) (end 5.39 -5.87) (layer F.CrtYd) (width 0.05))
    (fp_line (start 5.39 -5.87) (end 5.39 5.73) (layer F.CrtYd) (width 0.05))
    (fp_line (start 5.39 5.73) (end -5.39 5.73) (layer F.CrtYd) (width 0.05))
    (fp_line (start -5.39 5.73) (end -5.39 -5.87) (layer F.CrtYd) (width 0.05))
    (fp_text user %R (at 0 0) (layer F.Fab)
      (effects (font (size 1 1) (thickness 0.1)))
    )
    (pad B8 thru_hole circle (at -0.8 -3.01 180) (size 0.65 0.65) (drill 0.4) (layers *.Cu *.Mask)
      (net 3 "Net-(J1-PadB8)"))
    (pad B5 thru_hole circle (at 0.8 -3.01 180) (size 0.65 0.65) (drill 0.4) (layers *.Cu *.Mask)
      (net 41 /CC2))
    (pad B12 thru_hole circle (at -2.8 -3.71 180) (size 0.65 0.65) (drill 0.4) (layers *.Cu *.Mask)
      (net 1 GND))
    (pad B9 thru_hole circle (at -1.2 -3.71 180) (size 0.65 0.65) (drill 0.4) (layers *.Cu *.Mask)
      (net 40 /VCC))
    (pad B7 thru_hole circle (at -0.4 -3.71 180) (size 0.65 0.65) (drill 0.4) (layers *.Cu *.Mask)
      (net 42 /UDN))
    (pad B6 thru_hole circle (at 0.4 -3.71 180) (size 0.65 0.65) (drill 0.4) (layers *.Cu *.Mask)
      (net 43 /UDP))
    (pad B4 thru_hole circle (at 1.2 -3.71 180) (size 0.65 0.65) (drill 0.4) (layers *.Cu *.Mask)
      (net 40 /VCC))
    (pad B1 thru_hole circle (at 2.8 -3.71 180) (size 0.65 0.65) (drill 0.4) (layers *.Cu *.Mask)
      (net 1 GND))
    (pad "" np_thru_hole circle (at -3.6 -4.36 180) (size 0.65 0.65) (drill 0.65) (layers *.Cu *.Mask))
    (pad "" np_thru_hole oval (at 3.6 -4.36 180) (size 0.95 0.65) (drill oval 0.95 0.65) (layers *.Cu *.Mask))
    (pad S1 thru_hole oval (at -4.49 2.84 180) (size 0.8 1.4) (drill oval 0.5 1.1) (layers *.Cu *.Mask)
      (net 1 GND))
    (pad S1 thru_hole oval (at 4.49 2.84 180) (size 0.8 1.4) (drill oval 0.5 1.1) (layers *.Cu *.Mask)
      (net 1 GND))
    (pad S1 thru_hole oval (at 4.13 -3.11 180) (size 0.8 1.4) (drill oval 0.5 1.1) (layers *.Cu *.Mask)
      (net 1 GND))
    (pad A11 smd rect (at 2.25 -5.02 180) (size 0.3 0.7) (layers F.Cu F.Paste F.Mask)
      (net 4 "Net-(J1-PadA11)"))
    (pad A8 smd rect (at 0.75 -5.02 180) (size 0.3 0.7) (layers F.Cu F.Paste F.Mask)
      (net 5 "Net-(J1-PadA8)"))
    (pad A9 smd rect (at 1.25 -5.02 180) (size 0.3 0.7) (layers F.Cu F.Paste F.Mask)
      (net 40 /VCC))
    (pad A10 smd rect (at 1.75 -5.02 180) (size 0.3 0.7) (layers F.Cu F.Paste F.Mask)
      (net 6 "Net-(J1-PadA10)"))
    (pad A12 smd rect (at 2.75 -5.02 180) (size 0.3 0.7) (layers F.Cu F.Paste F.Mask)
      (net 1 GND))
    (pad A7 smd rect (at 0.25 -5.02 180) (size 0.3 0.7) (layers F.Cu F.Paste F.Mask)
      (net 42 /UDN))
    (pad A6 smd rect (at -0.25 -5.02 180) (size 0.3 0.7) (layers F.Cu F.Paste F.Mask)
      (net 43 /UDP))
    (pad A5 smd rect (at -0.75 -5.02 180) (size 0.3 0.7) (layers F.Cu F.Paste F.Mask)
      (net 44 /CC1))
    (pad A4 smd rect (at -1.25 -5.02 180) (size 0.3 0.7) (layers F.Cu F.Paste F.Mask)
      (net 40 /VCC))
    (pad A3 smd rect (at -1.75 -5.02 180) (size 0.3 0.7) (layers F.Cu F.Paste F.Mask)
      (net 7 "Net-(J1-PadA3)"))
    (pad A2 smd rect (at -2.25 -5.02 180) (size 0.3 0.7) (layers F.Cu F.Paste F.Mask)
      (net 8 "Net-(J1-PadA2)"))
    (pad A1 smd rect (at -2.75 -5.02 180) (size 0.3 0.7) (layers F.Cu F.Paste F.Mask)
      (net 1 GND))
    (pad S1 thru_hole oval (at -4.13 -3.11 180) (size 0.8 1.4) (drill oval 0.5 1.1) (layers *.Cu *.Mask)
      (net 1 GND))
    (model ${KISYS3DMOD}/Connector_USB.3dshapes/USB_C_Receptacle_Amphenol_12401548E4-2A.wrl
      (at (xyz 0 0 0))
      (scale (xyz 1 1 1))
      (rotate (xyz 0 0 0))
    )
  )

  (module Fuse:Fuse_1206_3216Metric_Pad1.42x1.75mm_HandSolder (layer F.Cu) (tedit 5B301BBE) (tstamp 5E3A2617)
    (at 139.8 57.5225 270)
    (descr "Fuse SMD 1206 (3216 Metric), square (rectangular) end terminal, IPC_7351 nominal with elongated pad for handsoldering. (Body size source: http://www.tortai-tech.com/upload/download/2011102023233369053.pdf), generated with kicad-footprint-generator")
    (tags "resistor handsolder")
    (path /5E3D2B68)
    (attr smd)
    (fp_text reference F1 (at 0 -1.82 90) (layer F.SilkS) hide
      (effects (font (size 1 1) (thickness 0.15)))
    )
    (fp_text value Polyfuse (at 0 1.82 90) (layer F.Fab)
      (effects (font (size 1 1) (thickness 0.15)))
    )
    (fp_text user %R (at 0 0 90) (layer F.Fab)
      (effects (font (size 0.8 0.8) (thickness 0.12)))
    )
    (fp_line (start 2.45 1.12) (end -2.45 1.12) (layer F.CrtYd) (width 0.05))
    (fp_line (start 2.45 -1.12) (end 2.45 1.12) (layer F.CrtYd) (width 0.05))
    (fp_line (start -2.45 -1.12) (end 2.45 -1.12) (layer F.CrtYd) (width 0.05))
    (fp_line (start -2.45 1.12) (end -2.45 -1.12) (layer F.CrtYd) (width 0.05))
    (fp_line (start -0.602064 0.91) (end 0.602064 0.91) (layer F.SilkS) (width 0.12))
    (fp_line (start -0.602064 -0.91) (end 0.602064 -0.91) (layer F.SilkS) (width 0.12))
    (fp_line (start 1.6 0.8) (end -1.6 0.8) (layer F.Fab) (width 0.1))
    (fp_line (start 1.6 -0.8) (end 1.6 0.8) (layer F.Fab) (width 0.1))
    (fp_line (start -1.6 -0.8) (end 1.6 -0.8) (layer F.Fab) (width 0.1))
    (fp_line (start -1.6 0.8) (end -1.6 -0.8) (layer F.Fab) (width 0.1))
    (pad 2 smd roundrect (at 1.4875 0 270) (size 1.425 1.75) (layers F.Cu F.Paste F.Mask) (roundrect_rratio 0.175439)
      (net 40 /VCC))
    (pad 1 smd roundrect (at -1.4875 0 270) (size 1.425 1.75) (layers F.Cu F.Paste F.Mask) (roundrect_rratio 0.175439)
      (net 2 +5V))
    (model ${KISYS3DMOD}/Fuse.3dshapes/Fuse_1206_3216Metric.wrl
      (at (xyz 0 0 0))
      (scale (xyz 1 1 1))
      (rotate (xyz 0 0 0))
    )
  )

  (module Crystal:Crystal_SMD_3225-4Pin_3.2x2.5mm_HandSoldering (layer F.Cu) (tedit 5A0FD1B2) (tstamp 5E3A242E)
    (at 132 62.035)
    (descr "SMD Crystal SERIES SMD3225/4 http://www.txccrystal.com/images/pdf/7m-accuracy.pdf, hand-soldering, 3.2x2.5mm^2 package")
    (tags "SMD SMT crystal hand-soldering")
    (path /5E31F438)
    (attr smd)
    (fp_text reference Y1 (at 0 -3.05) (layer F.SilkS) hide
      (effects (font (size 1 1) (thickness 0.15)))
    )
    (fp_text value 16MHz (at 0 3.05) (layer F.Fab)
      (effects (font (size 1 1) (thickness 0.15)))
    )
    (fp_line (start 2.8 -2.3) (end -2.8 -2.3) (layer F.CrtYd) (width 0.05))
    (fp_line (start 2.8 2.3) (end 2.8 -2.3) (layer F.CrtYd) (width 0.05))
    (fp_line (start -2.8 2.3) (end 2.8 2.3) (layer F.CrtYd) (width 0.05))
    (fp_line (start -2.8 -2.3) (end -2.8 2.3) (layer F.CrtYd) (width 0.05))
    (fp_line (start -2.7 2.25) (end 2.7 2.25) (layer F.SilkS) (width 0.12))
    (fp_line (start -2.7 -2.25) (end -2.7 2.25) (layer F.SilkS) (width 0.12))
    (fp_line (start -1.6 0.25) (end -0.6 1.25) (layer F.Fab) (width 0.1))
    (fp_line (start 1.6 -1.25) (end -1.6 -1.25) (layer F.Fab) (width 0.1))
    (fp_line (start 1.6 1.25) (end 1.6 -1.25) (layer F.Fab) (width 0.1))
    (fp_line (start -1.6 1.25) (end 1.6 1.25) (layer F.Fab) (width 0.1))
    (fp_line (start -1.6 -1.25) (end -1.6 1.25) (layer F.Fab) (width 0.1))
    (fp_text user %R (at 0 0) (layer F.Fab)
      (effects (font (size 0.7 0.7) (thickness 0.105)))
    )
    (pad 4 smd rect (at -1.45 -1.15) (size 2.1 1.8) (layers F.Cu F.Paste F.Mask)
      (net 37 /Cry2))
    (pad 3 smd rect (at 1.45 -1.15) (size 2.1 1.8) (layers F.Cu F.Paste F.Mask)
      (net 1 GND))
    (pad 2 smd rect (at 1.45 1.15) (size 2.1 1.8) (layers F.Cu F.Paste F.Mask)
      (net 36 /Cry1))
    (pad 1 smd rect (at -1.45 1.15) (size 2.1 1.8) (layers F.Cu F.Paste F.Mask)
      (net 1 GND))
    (model ${KISYS3DMOD}/Crystal.3dshapes/Crystal_SMD_3225-4Pin_3.2x2.5mm_HandSoldering.wrl
      (at (xyz 0 0 0))
      (scale (xyz 1 1 1))
      (rotate (xyz 0 0 0))
    )
  )

  (module Button_Switch_SMD:SW_SPST_EVQP7A (layer F.Cu) (tedit 5A02FC95) (tstamp 5E39FD37)
    (at 124.825 52.55 270)
    (descr "Light Touch Switch,https://industrial.panasonic.com/cdbs/www-data/pdf/ATK0000/ATK0000CE20.pdf")
    (path /5E31F43E)
    (attr smd)
    (fp_text reference SW1 (at 0 -2.5 90) (layer F.SilkS) hide
      (effects (font (size 1 1) (thickness 0.15)))
    )
    (fp_text value SW_Push (at 0 3.25 90) (layer F.Fab)
      (effects (font (size 1 1) (thickness 0.15)))
    )
    (fp_line (start -2.75 1.7) (end -2.75 -1.7) (layer F.CrtYd) (width 0.05))
    (fp_line (start 1.1 2.35) (end -1.1 2.35) (layer F.CrtYd) (width 0.05))
    (fp_line (start 2.75 -1.7) (end 2.75 1.7) (layer F.CrtYd) (width 0.05))
    (fp_line (start -2.75 -1.7) (end 2.75 -1.7) (layer F.CrtYd) (width 0.05))
    (fp_line (start 1.75 1.55) (end -1.75 1.55) (layer F.SilkS) (width 0.12))
    (fp_line (start -1.75 -1.55) (end 1.75 -1.55) (layer F.SilkS) (width 0.12))
    (fp_line (start 1.1 1.7) (end 1.1 2.35) (layer F.CrtYd) (width 0.05))
    (fp_line (start 2.75 1.7) (end 1.1 1.7) (layer F.CrtYd) (width 0.05))
    (fp_line (start -1.1 1.7) (end -2.75 1.7) (layer F.CrtYd) (width 0.05))
    (fp_line (start -1.1 2.35) (end -1.1 1.7) (layer F.CrtYd) (width 0.05))
    (fp_line (start -1.75 1.45) (end -1.75 -1.4) (layer F.Fab) (width 0.1))
    (fp_line (start 1.75 1.45) (end -1.75 1.45) (layer F.Fab) (width 0.1))
    (fp_line (start 1.75 -1.45) (end 1.75 1.45) (layer F.Fab) (width 0.1))
    (fp_line (start -1.75 -1.45) (end 1.75 -1.45) (layer F.Fab) (width 0.1))
    (fp_line (start -0.85 2.1) (end -0.85 1.45) (layer F.Fab) (width 0.1))
    (fp_line (start 0.85 2.1) (end 0.85 1.45) (layer F.Fab) (width 0.1))
    (fp_line (start -0.85 2.1) (end 0.85 2.1) (layer F.Fab) (width 0.1))
    (fp_line (start -0.95 2.2) (end -0.95 1.55) (layer F.SilkS) (width 0.12))
    (fp_line (start 0.95 2.2) (end -0.95 2.2) (layer F.SilkS) (width 0.12))
    (fp_line (start 0.95 1.55) (end 0.95 2.2) (layer F.SilkS) (width 0.12))
    (fp_text user %R (at 0 -2.5 90) (layer F.Fab)
      (effects (font (size 1 1) (thickness 0.15)))
    )
    (pad 2 smd rect (at -1.8 0.72 270) (size 1.4 1.05) (layers F.Cu F.Paste F.Mask)
      (net 39 /RES))
    (pad 2 smd rect (at 1.8 0.72 270) (size 1.4 1.05) (layers F.Cu F.Paste F.Mask)
      (net 39 /RES))
    (pad 1 smd rect (at -1.8 -0.72 270) (size 1.4 1.05) (layers F.Cu F.Paste F.Mask)
      (net 1 GND))
    (pad 1 smd rect (at 1.8 -0.72 270) (size 1.4 1.05) (layers F.Cu F.Paste F.Mask)
      (net 1 GND))
    (model ${KISYS3DMOD}/Button_Switch_SMD.3dshapes/SW_SPST_EVQP7A.wrl
      (at (xyz 0 0 0))
      (scale (xyz 1 1 1))
      (rotate (xyz 0 0 0))
    )
  )

  (module Resistor_SMD:R_0805_2012Metric_Pad1.15x1.40mm_HandSolder (layer B.Cu) (tedit 5B36C52B) (tstamp 5E3A540A)
    (at 139.76 64.25 90)
    (descr "Resistor SMD 0805 (2012 Metric), square (rectangular) end terminal, IPC_7351 nominal with elongated pad for handsoldering. (Body size source: https://docs.google.com/spreadsheets/d/1BsfQQcO9C6DZCsRaXUlFlo91Tg2WpOkGARC1WS5S8t0/edit?usp=sharing), generated with kicad-footprint-generator")
    (tags "resistor handsolder")
    (path /5E31F3B0)
    (attr smd)
    (fp_text reference R6 (at 0 1.65 90) (layer B.SilkS) hide
      (effects (font (size 1 1) (thickness 0.15)) (justify mirror))
    )
    (fp_text value 10kΩ (at 0 -1.65 90) (layer B.Fab)
      (effects (font (size 1 1) (thickness 0.15)) (justify mirror))
    )
    (fp_text user %R (at 0 0 90) (layer B.Fab)
      (effects (font (size 0.5 0.5) (thickness 0.08)) (justify mirror))
    )
    (fp_line (start 1.85 -0.95) (end -1.85 -0.95) (layer B.CrtYd) (width 0.05))
    (fp_line (start 1.85 0.95) (end 1.85 -0.95) (layer B.CrtYd) (width 0.05))
    (fp_line (start -1.85 0.95) (end 1.85 0.95) (layer B.CrtYd) (width 0.05))
    (fp_line (start -1.85 -0.95) (end -1.85 0.95) (layer B.CrtYd) (width 0.05))
    (fp_line (start -0.261252 -0.71) (end 0.261252 -0.71) (layer B.SilkS) (width 0.12))
    (fp_line (start -0.261252 0.71) (end 0.261252 0.71) (layer B.SilkS) (width 0.12))
    (fp_line (start 1 -0.6) (end -1 -0.6) (layer B.Fab) (width 0.1))
    (fp_line (start 1 0.6) (end 1 -0.6) (layer B.Fab) (width 0.1))
    (fp_line (start -1 0.6) (end 1 0.6) (layer B.Fab) (width 0.1))
    (fp_line (start -1 -0.6) (end -1 0.6) (layer B.Fab) (width 0.1))
    (pad 2 smd roundrect (at 1.025 0 90) (size 1.15 1.4) (layers B.Cu B.Paste B.Mask) (roundrect_rratio 0.217391)
      (net 45 /HWB))
    (pad 1 smd roundrect (at -1.025 0 90) (size 1.15 1.4) (layers B.Cu B.Paste B.Mask) (roundrect_rratio 0.217391)
      (net 1 GND))
    (model ${KISYS3DMOD}/Resistor_SMD.3dshapes/R_0805_2012Metric.wrl
      (at (xyz 0 0 0))
      (scale (xyz 1 1 1))
      (rotate (xyz 0 0 0))
    )
  )

  (module Resistor_SMD:R_0805_2012Metric_Pad1.15x1.40mm_HandSolder (layer F.Cu) (tedit 5B36C52B) (tstamp 5E39FD09)
    (at 124.12 57.295 90)
    (descr "Resistor SMD 0805 (2012 Metric), square (rectangular) end terminal, IPC_7351 nominal with elongated pad for handsoldering. (Body size source: https://docs.google.com/spreadsheets/d/1BsfQQcO9C6DZCsRaXUlFlo91Tg2WpOkGARC1WS5S8t0/edit?usp=sharing), generated with kicad-footprint-generator")
    (tags "resistor handsolder")
    (path /5E31F444)
    (attr smd)
    (fp_text reference R5 (at 0 -1.65 90) (layer F.SilkS) hide
      (effects (font (size 1 1) (thickness 0.15)))
    )
    (fp_text value 10kΩ (at 0 1.65 90) (layer F.Fab)
      (effects (font (size 1 1) (thickness 0.15)))
    )
    (fp_text user %R (at 0 0 90) (layer F.Fab)
      (effects (font (size 0.5 0.5) (thickness 0.08)))
    )
    (fp_line (start 1.85 0.95) (end -1.85 0.95) (layer F.CrtYd) (width 0.05))
    (fp_line (start 1.85 -0.95) (end 1.85 0.95) (layer F.CrtYd) (width 0.05))
    (fp_line (start -1.85 -0.95) (end 1.85 -0.95) (layer F.CrtYd) (width 0.05))
    (fp_line (start -1.85 0.95) (end -1.85 -0.95) (layer F.CrtYd) (width 0.05))
    (fp_line (start -0.261252 0.71) (end 0.261252 0.71) (layer F.SilkS) (width 0.12))
    (fp_line (start -0.261252 -0.71) (end 0.261252 -0.71) (layer F.SilkS) (width 0.12))
    (fp_line (start 1 0.6) (end -1 0.6) (layer F.Fab) (width 0.1))
    (fp_line (start 1 -0.6) (end 1 0.6) (layer F.Fab) (width 0.1))
    (fp_line (start -1 -0.6) (end 1 -0.6) (layer F.Fab) (width 0.1))
    (fp_line (start -1 0.6) (end -1 -0.6) (layer F.Fab) (width 0.1))
    (pad 2 smd roundrect (at 1.025 0 90) (size 1.15 1.4) (layers F.Cu F.Paste F.Mask) (roundrect_rratio 0.217391)
      (net 39 /RES))
    (pad 1 smd roundrect (at -1.025 0 90) (size 1.15 1.4) (layers F.Cu F.Paste F.Mask) (roundrect_rratio 0.217391)
      (net 2 +5V))
    (model ${KISYS3DMOD}/Resistor_SMD.3dshapes/R_0805_2012Metric.wrl
      (at (xyz 0 0 0))
      (scale (xyz 1 1 1))
      (rotate (xyz 0 0 0))
    )
  )

  (module Resistor_SMD:R_0805_2012Metric_Pad1.15x1.40mm_HandSolder (layer B.Cu) (tedit 5B36C52B) (tstamp 5E3A2A1B)
    (at 123.99 63.32 270)
    (descr "Resistor SMD 0805 (2012 Metric), square (rectangular) end terminal, IPC_7351 nominal with elongated pad for handsoldering. (Body size source: https://docs.google.com/spreadsheets/d/1BsfQQcO9C6DZCsRaXUlFlo91Tg2WpOkGARC1WS5S8t0/edit?usp=sharing), generated with kicad-footprint-generator")
    (tags "resistor handsolder")
    (path /5E31F40A)
    (attr smd)
    (fp_text reference R4 (at 0 1.65 90) (layer B.SilkS) hide
      (effects (font (size 1 1) (thickness 0.15)) (justify mirror))
    )
    (fp_text value 22Ω (at 0 -1.65 90) (layer B.Fab)
      (effects (font (size 1 1) (thickness 0.15)) (justify mirror))
    )
    (fp_text user %R (at 0 0 90) (layer B.Fab)
      (effects (font (size 0.5 0.5) (thickness 0.08)) (justify mirror))
    )
    (fp_line (start 1.85 -0.95) (end -1.85 -0.95) (layer B.CrtYd) (width 0.05))
    (fp_line (start 1.85 0.95) (end 1.85 -0.95) (layer B.CrtYd) (width 0.05))
    (fp_line (start -1.85 0.95) (end 1.85 0.95) (layer B.CrtYd) (width 0.05))
    (fp_line (start -1.85 -0.95) (end -1.85 0.95) (layer B.CrtYd) (width 0.05))
    (fp_line (start -0.261252 -0.71) (end 0.261252 -0.71) (layer B.SilkS) (width 0.12))
    (fp_line (start -0.261252 0.71) (end 0.261252 0.71) (layer B.SilkS) (width 0.12))
    (fp_line (start 1 -0.6) (end -1 -0.6) (layer B.Fab) (width 0.1))
    (fp_line (start 1 0.6) (end 1 -0.6) (layer B.Fab) (width 0.1))
    (fp_line (start -1 0.6) (end 1 0.6) (layer B.Fab) (width 0.1))
    (fp_line (start -1 -0.6) (end -1 0.6) (layer B.Fab) (width 0.1))
    (pad 2 smd roundrect (at 1.025 0 270) (size 1.15 1.4) (layers B.Cu B.Paste B.Mask) (roundrect_rratio 0.217391)
      (net 43 /UDP))
    (pad 1 smd roundrect (at -1.025 0 270) (size 1.15 1.4) (layers B.Cu B.Paste B.Mask) (roundrect_rratio 0.217391)
      (net 12 D+))
    (model ${KISYS3DMOD}/Resistor_SMD.3dshapes/R_0805_2012Metric.wrl
      (at (xyz 0 0 0))
      (scale (xyz 1 1 1))
      (rotate (xyz 0 0 0))
    )
  )

  (module Resistor_SMD:R_0805_2012Metric_Pad1.15x1.40mm_HandSolder (layer B.Cu) (tedit 5B36C52B) (tstamp 5E3A6C4A)
    (at 123.77 66.965 270)
    (descr "Resistor SMD 0805 (2012 Metric), square (rectangular) end terminal, IPC_7351 nominal with elongated pad for handsoldering. (Body size source: https://docs.google.com/spreadsheets/d/1BsfQQcO9C6DZCsRaXUlFlo91Tg2WpOkGARC1WS5S8t0/edit?usp=sharing), generated with kicad-footprint-generator")
    (tags "resistor handsolder")
    (path /5E31F413)
    (attr smd)
    (fp_text reference R3 (at 0 1.65 90) (layer B.SilkS) hide
      (effects (font (size 1 1) (thickness 0.15)) (justify mirror))
    )
    (fp_text value 22Ω (at 0 -1.65 90) (layer B.Fab)
      (effects (font (size 1 1) (thickness 0.15)) (justify mirror))
    )
    (fp_text user %R (at 0 0 90) (layer B.Fab)
      (effects (font (size 0.5 0.5) (thickness 0.08)) (justify mirror))
    )
    (fp_line (start 1.85 -0.95) (end -1.85 -0.95) (layer B.CrtYd) (width 0.05))
    (fp_line (start 1.85 0.95) (end 1.85 -0.95) (layer B.CrtYd) (width 0.05))
    (fp_line (start -1.85 0.95) (end 1.85 0.95) (layer B.CrtYd) (width 0.05))
    (fp_line (start -1.85 -0.95) (end -1.85 0.95) (layer B.CrtYd) (width 0.05))
    (fp_line (start -0.261252 -0.71) (end 0.261252 -0.71) (layer B.SilkS) (width 0.12))
    (fp_line (start -0.261252 0.71) (end 0.261252 0.71) (layer B.SilkS) (width 0.12))
    (fp_line (start 1 -0.6) (end -1 -0.6) (layer B.Fab) (width 0.1))
    (fp_line (start 1 0.6) (end 1 -0.6) (layer B.Fab) (width 0.1))
    (fp_line (start -1 0.6) (end 1 0.6) (layer B.Fab) (width 0.1))
    (fp_line (start -1 -0.6) (end -1 0.6) (layer B.Fab) (width 0.1))
    (pad 2 smd roundrect (at 1.025 0 270) (size 1.15 1.4) (layers B.Cu B.Paste B.Mask) (roundrect_rratio 0.217391)
      (net 42 /UDN))
    (pad 1 smd roundrect (at -1.025 0 270) (size 1.15 1.4) (layers B.Cu B.Paste B.Mask) (roundrect_rratio 0.217391)
      (net 11 D-))
    (model ${KISYS3DMOD}/Resistor_SMD.3dshapes/R_0805_2012Metric.wrl
      (at (xyz 0 0 0))
      (scale (xyz 1 1 1))
      (rotate (xyz 0 0 0))
    )
  )

  (module Resistor_SMD:R_0805_2012Metric_Pad1.15x1.40mm_HandSolder (layer F.Cu) (tedit 5B36C52B) (tstamp 5E3A4B47)
    (at 125.885 61.71 90)
    (descr "Resistor SMD 0805 (2012 Metric), square (rectangular) end terminal, IPC_7351 nominal with elongated pad for handsoldering. (Body size source: https://docs.google.com/spreadsheets/d/1BsfQQcO9C6DZCsRaXUlFlo91Tg2WpOkGARC1WS5S8t0/edit?usp=sharing), generated with kicad-footprint-generator")
    (tags "resistor handsolder")
    (path /5E31F488)
    (attr smd)
    (fp_text reference R2 (at 0 -1.65 90) (layer F.SilkS) hide
      (effects (font (size 1 1) (thickness 0.15)))
    )
    (fp_text value 5.1kΩ (at 0 1.65 90) (layer F.Fab)
      (effects (font (size 1 1) (thickness 0.15)))
    )
    (fp_text user %R (at 0 0 90) (layer F.Fab)
      (effects (font (size 0.5 0.5) (thickness 0.08)))
    )
    (fp_line (start 1.85 0.95) (end -1.85 0.95) (layer F.CrtYd) (width 0.05))
    (fp_line (start 1.85 -0.95) (end 1.85 0.95) (layer F.CrtYd) (width 0.05))
    (fp_line (start -1.85 -0.95) (end 1.85 -0.95) (layer F.CrtYd) (width 0.05))
    (fp_line (start -1.85 0.95) (end -1.85 -0.95) (layer F.CrtYd) (width 0.05))
    (fp_line (start -0.261252 0.71) (end 0.261252 0.71) (layer F.SilkS) (width 0.12))
    (fp_line (start -0.261252 -0.71) (end 0.261252 -0.71) (layer F.SilkS) (width 0.12))
    (fp_line (start 1 0.6) (end -1 0.6) (layer F.Fab) (width 0.1))
    (fp_line (start 1 -0.6) (end 1 0.6) (layer F.Fab) (width 0.1))
    (fp_line (start -1 -0.6) (end 1 -0.6) (layer F.Fab) (width 0.1))
    (fp_line (start -1 0.6) (end -1 -0.6) (layer F.Fab) (width 0.1))
    (pad 2 smd roundrect (at 1.025 0 90) (size 1.15 1.4) (layers F.Cu F.Paste F.Mask) (roundrect_rratio 0.217391)
      (net 41 /CC2))
    (pad 1 smd roundrect (at -1.025 0 90) (size 1.15 1.4) (layers F.Cu F.Paste F.Mask) (roundrect_rratio 0.217391)
      (net 1 GND))
    (model ${KISYS3DMOD}/Resistor_SMD.3dshapes/R_0805_2012Metric.wrl
      (at (xyz 0 0 0))
      (scale (xyz 1 1 1))
      (rotate (xyz 0 0 0))
    )
  )

  (module Resistor_SMD:R_0805_2012Metric_Pad1.15x1.40mm_HandSolder (layer F.Cu) (tedit 5B36C52B) (tstamp 5E39FCC5)
    (at 138.25 61.91 90)
    (descr "Resistor SMD 0805 (2012 Metric), square (rectangular) end terminal, IPC_7351 nominal with elongated pad for handsoldering. (Body size source: https://docs.google.com/spreadsheets/d/1BsfQQcO9C6DZCsRaXUlFlo91Tg2WpOkGARC1WS5S8t0/edit?usp=sharing), generated with kicad-footprint-generator")
    (tags "resistor handsolder")
    (path /5E31F48E)
    (attr smd)
    (fp_text reference R1 (at 0 -1.65 90) (layer F.SilkS) hide
      (effects (font (size 1 1) (thickness 0.15)))
    )
    (fp_text value 5.1kΩ (at 0 1.65 90) (layer F.Fab)
      (effects (font (size 1 1) (thickness 0.15)))
    )
    (fp_text user %R (at 0 0 90) (layer F.Fab)
      (effects (font (size 0.5 0.5) (thickness 0.08)))
    )
    (fp_line (start 1.85 0.95) (end -1.85 0.95) (layer F.CrtYd) (width 0.05))
    (fp_line (start 1.85 -0.95) (end 1.85 0.95) (layer F.CrtYd) (width 0.05))
    (fp_line (start -1.85 -0.95) (end 1.85 -0.95) (layer F.CrtYd) (width 0.05))
    (fp_line (start -1.85 0.95) (end -1.85 -0.95) (layer F.CrtYd) (width 0.05))
    (fp_line (start -0.261252 0.71) (end 0.261252 0.71) (layer F.SilkS) (width 0.12))
    (fp_line (start -0.261252 -0.71) (end 0.261252 -0.71) (layer F.SilkS) (width 0.12))
    (fp_line (start 1 0.6) (end -1 0.6) (layer F.Fab) (width 0.1))
    (fp_line (start 1 -0.6) (end 1 0.6) (layer F.Fab) (width 0.1))
    (fp_line (start -1 -0.6) (end 1 -0.6) (layer F.Fab) (width 0.1))
    (fp_line (start -1 0.6) (end -1 -0.6) (layer F.Fab) (width 0.1))
    (pad 2 smd roundrect (at 1.025 0 90) (size 1.15 1.4) (layers F.Cu F.Paste F.Mask) (roundrect_rratio 0.217391)
      (net 44 /CC1))
    (pad 1 smd roundrect (at -1.025 0 90) (size 1.15 1.4) (layers F.Cu F.Paste F.Mask) (roundrect_rratio 0.217391)
      (net 1 GND))
    (model ${KISYS3DMOD}/Resistor_SMD.3dshapes/R_0805_2012Metric.wrl
      (at (xyz 0 0 0))
      (scale (xyz 1 1 1))
      (rotate (xyz 0 0 0))
    )
  )

  (module modkey:edgeconnector (layer F.Cu) (tedit 5E3916DF) (tstamp 5E39FCB4)
    (at 132.02 68.8)
    (path /5E3D3AF8)
    (fp_text reference J2 (at 0.275 -3.1 180) (layer F.SilkS) hide
      (effects (font (size 1 1) (thickness 0.15)))
    )
    (fp_text value Conn_01x04 (at 0.25 0.875 180) (layer F.Fab)
      (effects (font (size 1 1) (thickness 0.15)))
    )
    (pad 4 thru_hole custom (at 1.5 -2) (size 0.75 0.75) (drill 0.3) (layers *.Cu *.Mask)
      (net 1 GND) (zone_connect 0)
      (options (clearance outline) (anchor circle))
      (primitives
        (gr_poly (pts
           (xy 0.375 2) (xy -0.375 2) (xy -0.375 0) (xy 0.375 0)) (width 0))
      ))
    (pad 3 thru_hole custom (at 0.5 -2) (size 0.75 0.75) (drill 0.3) (layers *.Cu *.Mask)
      (net 9 SCL) (zone_connect 0)
      (options (clearance outline) (anchor circle))
      (primitives
        (gr_poly (pts
           (xy 0.375 2) (xy -0.375 2) (xy -0.375 0) (xy 0.375 0)) (width 0))
      ))
    (pad 2 thru_hole custom (at -0.5 -2) (size 0.75 0.75) (drill 0.3) (layers *.Cu *.Mask)
      (net 10 SDA) (zone_connect 0)
      (options (clearance outline) (anchor circle))
      (primitives
        (gr_poly (pts
           (xy 0.375 2) (xy -0.375 2) (xy -0.375 0) (xy 0.375 0)) (width 0))
      ))
    (pad 1 thru_hole custom (at -1.5 -2) (size 0.75 0.75) (drill 0.3) (layers *.Cu *.Mask)
      (net 2 +5V) (zone_connect 0)
      (options (clearance outline) (anchor circle))
      (primitives
        (gr_poly (pts
           (xy 0.375 2) (xy -0.375 2) (xy -0.375 0) (xy 0.375 0)) (width 0))
      ))
  )

  (module Capacitor_SMD:C_0805_2012Metric_Pad1.15x1.40mm_HandSolder (layer B.Cu) (tedit 5B36C52B) (tstamp 5E3A220F)
    (at 124.285 59.575 270)
    (descr "Capacitor SMD 0805 (2012 Metric), square (rectangular) end terminal, IPC_7351 nominal with elongated pad for handsoldering. (Body size source: https://docs.google.com/spreadsheets/d/1BsfQQcO9C6DZCsRaXUlFlo91Tg2WpOkGARC1WS5S8t0/edit?usp=sharing), generated with kicad-footprint-generator")
    (tags "capacitor handsolder")
    (path /5E31F3EF)
    (attr smd)
    (fp_text reference C7 (at 0 1.65 90) (layer B.SilkS) hide
      (effects (font (size 1 1) (thickness 0.15)) (justify mirror))
    )
    (fp_text value 1μF (at 0 -1.65 90) (layer B.Fab)
      (effects (font (size 1 1) (thickness 0.15)) (justify mirror))
    )
    (fp_text user %R (at 0 0 90) (layer B.Fab)
      (effects (font (size 0.5 0.5) (thickness 0.08)) (justify mirror))
    )
    (fp_line (start 1.85 -0.95) (end -1.85 -0.95) (layer B.CrtYd) (width 0.05))
    (fp_line (start 1.85 0.95) (end 1.85 -0.95) (layer B.CrtYd) (width 0.05))
    (fp_line (start -1.85 0.95) (end 1.85 0.95) (layer B.CrtYd) (width 0.05))
    (fp_line (start -1.85 -0.95) (end -1.85 0.95) (layer B.CrtYd) (width 0.05))
    (fp_line (start -0.261252 -0.71) (end 0.261252 -0.71) (layer B.SilkS) (width 0.12))
    (fp_line (start -0.261252 0.71) (end 0.261252 0.71) (layer B.SilkS) (width 0.12))
    (fp_line (start 1 -0.6) (end -1 -0.6) (layer B.Fab) (width 0.1))
    (fp_line (start 1 0.6) (end 1 -0.6) (layer B.Fab) (width 0.1))
    (fp_line (start -1 0.6) (end 1 0.6) (layer B.Fab) (width 0.1))
    (fp_line (start -1 -0.6) (end -1 0.6) (layer B.Fab) (width 0.1))
    (pad 2 smd roundrect (at 1.025 0 270) (size 1.15 1.4) (layers B.Cu B.Paste B.Mask) (roundrect_rratio 0.217391)
      (net 1 GND))
    (pad 1 smd roundrect (at -1.025 0 270) (size 1.15 1.4) (layers B.Cu B.Paste B.Mask) (roundrect_rratio 0.217391)
      (net 38 /Ucap))
    (model ${KISYS3DMOD}/Capacitor_SMD.3dshapes/C_0805_2012Metric.wrl
      (at (xyz 0 0 0))
      (scale (xyz 1 1 1))
      (rotate (xyz 0 0 0))
    )
  )

  (module Capacitor_SMD:C_0805_2012Metric_Pad1.15x1.40mm_HandSolder (layer B.Cu) (tedit 5B36C52B) (tstamp 5E3A23C8)
    (at 139.825 54.99 90)
    (descr "Capacitor SMD 0805 (2012 Metric), square (rectangular) end terminal, IPC_7351 nominal with elongated pad for handsoldering. (Body size source: https://docs.google.com/spreadsheets/d/1BsfQQcO9C6DZCsRaXUlFlo91Tg2WpOkGARC1WS5S8t0/edit?usp=sharing), generated with kicad-footprint-generator")
    (tags "capacitor handsolder")
    (path /5E31F3D1)
    (attr smd)
    (fp_text reference C6 (at 0 1.65 90) (layer B.SilkS) hide
      (effects (font (size 1 1) (thickness 0.15)) (justify mirror))
    )
    (fp_text value 10μF (at 0 -1.65 90) (layer B.Fab)
      (effects (font (size 1 1) (thickness 0.15)) (justify mirror))
